358
0
87
83
154
22
357
334
235
293
120
158
149
258
93
2
100
347
288
156
30
350
323
302
274
86
165
164
320
214
41
353
287
59
44
300
231
328
273
169
348
292
66
14
132
104
177
150
195
221
188
34
9
128
202
17
285
136
85
268
175
172
321
260
259
184
146
229
309
61
222
316
224
127
98
196
232
249
339
230
225
294
254
160
60
170
166
144
123
187
205
272
52
114
242
91
138
38
126
278
24
139
271
95
228
327
113
269
157
103
117
140
110
304
194
131
352
310
92
275
204
189
342
13
121
35
42
198
36
29
343
313
190
297
99
236
186
346
349
331
255
265
207
161
152
245
178
79
286
208
20
102
137
220
46
311
290
264
341
62
49
5
333
155
97
135
39
72
115
301
340
200
76
1
88
58
50
23
185
243
10
282
206
182
40
266
43
12
153
65
162
133
11
71
168
163
25
215
308
247
69
251
122
303
281
324
180
107
289
130
111
299
179
218
296
141
234
244
63
298
26
112
8
151
143
256
318
181
148
77
18
108
55
174
145
199
54
212
47
109
53
68
124
67
253
90
21
345
193
203
74
183
176
355
317
252
335
84
147
283
118
64
134
82
344
291
142
312
216
4
125
48
330
261
354
213
233
78
171
314
263
27
325
211
241
238
192
248
45
7
15
6
284
246
81
32
31
119
267
75
209
70
295
94
217
201
51
19
307
226
227
315
270
329
116
167
56
28
277
351
197
219
106
210
173
337
306
336
105
89
276
338
16
240
191
33
356
101
159
3
223
37
326
96
239
305
262
332
279
250
73
280
129
57
237
322
319
257
80
0