358
0
357
24
190
297
278
168
220
46
214
72
307
137
236
159
3
164
218
145
284
188
120
163
295
289
129
100
22
99
252
335
317
52
148
61
157
26
343
287
119
267
60
206
204
243
167
246
250
215
308
33
11
81
56
345
328
16
45
8
247
350
210
184
95
158
312
195
4
125
321
176
238
192
42
271
290
222
104
212
50
356
141
221
293
34
346
79
35
263
180
47
319
257
76
291
339
340
274
228
71
194
131
314
144
123
58
31
128
330
14
304
134
82
245
90
21
39
102
226
286
208
106
181
74
223
233
98
5
309
213
89
276
32
110
37
28
325
211
40
140
326
251
138
25
38
86
237
333
283
353
313
203
73
62
231
20
193
92
189
198
10
83
130
349
101
239
69
298
2
70
103
136
85
84
268
156
30
302
281
352
310
66
355
105
240
182
323
351
87
288
51
78
224
153
65
334
41
205
279
338
266
43
7
6
15
185
54
75
23
344
197
225
294
49
354
139
142
170
13
121
196
27
53
161
152
111
216
254
160
269
132
114
63
165
113
147
187
261
242
255
265
272
48
126
244
118
146
59
44
91
93
199
209
227
315
116
179
348
292
127
67
270
191
112
12
77
18
149
262
332
207
264
341
280
17
122
303
301
324
300
36
322
329
64
169
275
342
249
29
108
259
260
183
173
109
277
336
230
229
115
320
253
178
296
331
80
1
186
107
94
235
202
285
175
172
337
258
117
96
68
9
166
154
124
347
174
171
273
177
150
327
248
234
57
316
305
241
311
55
217
201
282
200
88
162
133
299
232
135
256
318
306
155
19
97
151
143
219
0