358
0
249
87
288
283
347
291
219
196
197
127
67
64
169
348
352
290
59
125
292
4
44
207
90
298
248
41
74
79
88
58
243
240
295
94
222
316
224
128
293
120
167
145
284
43
215
303
200
266
151
46
260
116
232
34
9
166
144
123
233
78
47
164
218
170
177
340
301
150
101
10
282
274
234
244
357
277
302
281
324
258
174
25
113
268
194
131
109
325
211
91
156
60
321
176
278
53
286
208
63
97
297
102
272
70
338
61
175
307
181
148
178
356
195
231
104
353
313
142
312
331
139
106
262
332
323
351
99
263
27
251
119
199
75
209
237
355
317
51
19
203
73
62
179
173
155
322
146
134
82
270
329
55
126
202
48
330
261
242
306
336
269
153
65
213
217
201
225
294
17
13
121
285
49
98
5
333
93
26
343
287
255
184
253
227
315
311
259
337
300
161
152
310
256
160
84
33
238
344
83
252
335
105
76
1
52
114
350
241
189
191
230
2
23
57
228
71
314
129
185
171
96
77
42
327
198
89
204
30
107
193
36
29
296
299
236
45
7
15
6
246
81
188
159
3
112
32
31
72
172
354
168
117
221
267
54
100
118
183
320
223
158
149
180
165
206
276
192
342
92
275
8
326
24
132
20
328
16
186
346
245
154
124
135
69
39
229
309
273
187
205
210
265
226
138
38
220
250
12
239
21
345
289
37
28
334
66
14
68
22
115
108
95
122
247
305
137
254
318
40
35
18
143
190
271
214
264
341
280
136
85
147
157
103
130
349
216
86
162
133
319
257
339
182
279
308
212
140
110
304
163
56
235
11
50
111
141
80
0